1 328.05496215820312 -5.1100831031799 2000.0 23.640 R 0.1 1 10 0
2 328.05270385742188 -5.1095790863037 2000.0 20.313 R 0.1 1 10 0
3 328.05090332031250 -5.1050562858582 2000.0 25.003 R 0.1 1 10 0
4 328.05313110351562 -5.1050515174866 2000.0 23.590 R -1.0 1 10 0
5 328.04907226562500 -5.1030883789062 2000.0 22.828 R 0.1 1 10 0
6 328.04910278320312 -5.1020145416260 2000.0 23.678 R 0.1 1 10 0
7 328.05221557617188 -5.1021680831909 2000.0 25.685 R 0.1 1 10 0
8 328.07830810546875 -5.1216592788696 2000.0 26.642 R 0.1 1 10 0
9 328.07888793945312 -5.1222639083862 2000.0 25.425 R -1.0 1 10 0
10 328.06338500976562 -5.1166276931763 2000.0 23.736 R 0.1 1 10 0
11 328.06225585937500 -5.1140098571777 2000.0 25.173 R 0.1 1 10 0
12 328.05892944335938 -5.1136388778687 2000.0 24.443 R 0.1 1 10 0
13 328.06033325195312 -5.1114869117737 2000.0 23.508 R 0.1 1 10 0
14 328.05712890625000 -5.1120100021362 2000.0 25.242 R 0.1 1 10 0
15 328.06024169921875 -5.1134071350098 2000.0 23.163 R -1.0 1 10 0
16 328.05810546875000 -5.1122717857361 2000.0 25.123 R 0.1 1 10 0
17 328.05874633789062 -5.1135802268982 2000.0 24.699 R 0.1 1 10 0
18 328.06356811523438 -5.1128320693970 2000.0 26.893 R 0.1 1 10 0
19 328.05694580078125 -5.1128501892090 2000.0 22.721 R -1.0 1 10 0
20 328.07153320312500 -5.1195254325867 2000.0 24.833 R 0.1 1 10 0
21 328.06472778320312 -5.1175289154053 2000.0 22.883 R 0.1 1 10 0
22 328.06655883789062 -5.1174201965332 2000.0 22.814 R 0.1 1 10 0
23 328.06866455078125 -5.1173748970032 2000.0 26.699 R -1.0 1 10 0
24 328.06457519531250 -5.1170740127563 2000.0 24.976 R 0.1 1 10 0
25 328.06625366210938 -5.1169986724854 2000.0 19.708 R 0.1 1 10 0
26 328.06869506835938 -5.1153001785278 2000.0 26.192 R 0.1 1 10 0
27 328.06472778320312 -5.1149830818176 2000.0 24.898 R 0.1 1 10 0
28 328.06848144531250 -5.1138558387756 2000.0 23.999 R 0.1 1 10 0
29 328.06958007812500 -5.1117219924927 2000.0 25.952 R 0.1 1 10 0
30 328.06954956054688 -5.1127963066101 2000.0 25.548 R 0.1 1 10 0
31 328.05761718750000 -5.1099252700806 2000.0 27.243 R 0.1 1 10 0
32 328.05661010742188 -5.1102738380432 2000.0 25.963 R 0.1 1 10 0
33 328.05819702148438 -5.1072087287903 2000.0 20.812 R -1.0 1 10 0
34 328.06082153320312 -5.1070518493652 2000.0 23.703 R 0.1 1 10 0
35 328.06115722656250 -5.1095080375671 2000.0 24.963 R 0.1 1 10 0
36 328.06341552734375 -5.1030154228210 2000.0 26.124 R 0.1 1 10 0
37 328.06402587890625 -5.1082425117493 2000.0 25.083 R 0.1 1 10 0
38 328.06359863281250 -5.1091847419739 2000.0 22.564 R 0.1 1 10 0
39 328.06405639648438 -5.1103105545044 2000.0 26.629 R 0.1 1 10 0
40 328.06521606445312 -5.1109437942505 2000.0 25.149 R 0.1 1 10 0
41 328.06539916992188 -5.1071438789368 2000.0 23.376 R -1.0 1 10 0
42 328.06649780273438 -5.1074190139771 2000.0 23.558 R 0.1 1 10 0
43 328.06677246093750 -5.1066470146179 2000.0 24.485 R 0.1 1 10 0
44 328.06723022460938 -5.1026487350464 2000.0 24.852 R 0.1 1 10 0
45 328.06707763671875 -5.1095566749573 2000.0 24.745 R 0.1 1 10 0
46 328.06713867187500 -5.1109204292297 2000.0 24.659 R 0.1 1 10 0
47 328.06930541992188 -5.1100220680237 2000.0 25.529 R 0.1 1 10 0
48 328.07128906250000 -5.1112146377563 2000.0 17.926 R 0.1 1 10 0
49 328.07153320312500 -5.1094765663147 2000.0 24.988 R 0.1 1 10 0
50 328.06997680664062 -5.1102738380432 2000.0 25.978 R 0.1 1 10 0
51 340.06713867187500 -5.1309204292297 2000.0 24.659 R 0.1 1 10 0
52 340.06930541992188 -5.1500220680237 2000.0 25.529 R 0.1 1 10 0
53 340.07128906250000 -5.1612146377563 2000.0 17.926 R 0.1 1 10 0
54 340.07153320312500 -5.1794765663147 2000.0 24.988 R 0.1 1 10 0
55 0.06997680664062 -5.1702738380432 2000.0 25.978 R 0.1 1 10 0
56 322.972865513 -5.11537660871 2000.0 24.988 R 0.1 1 10 0