1 328.05496215820312 -5.1100831031799 2000.0 23.640 R 0.1 1 10 60.
2 328.05270385742188 -5.1095790863037 2000.0 20.313 R 0.1 1 10 60.
3 328.05090332031250 -5.1050562858582 2000.0 25.003 R 0.1 1 10 60.
4 328.05313110351562 -5.1050515174866 2000.0 23.590 R 0.1 1 10 60.
5 328.04907226562500 -5.1030883789062 2000.0 22.828 R 0.1 1 10 60.
6 328.04910278320312 -5.1020145416260 2000.0 23.678 R 0.1 1 10 60.
7 328.05221557617188 -5.1021680831909 2000.0 25.685 R 0.1 1 10 60.
8 328.07830810546875 -5.1216592788696 2000.0 26.642 R 0.1 1 10 60.
9 328.07888793945312 -5.1222639083862 2000.0 25.425 R 0.1 1 10 60.
10 328.06338500976562 -5.1166276931763 2000.0 23.736 R 0.1 1 10 60.
11 328.06225585937500 -5.1140098571777 2000.0 25.173 R 0.1 1 10 60.
12 328.05892944335938 -5.1136388778687 2000.0 24.443 R 0.1 1 10 60.
13 328.06033325195312 -5.1114869117737 2000.0 23.508 R 0.1 1 10 60.
14 328.05712890625000 -5.1120100021362 2000.0 25.242 R 0.1 1 10 60.
15 328.06024169921875 -5.1134071350098 2000.0 23.163 R 0.1 1 10 60.
16 328.05810546875000 -5.1122717857361 2000.0 25.123 R 0.1 1 10 60.
17 328.05874633789062 -5.1135802268982 2000.0 24.699 R 0.1 1 10 60.
18 328.06356811523438 -5.1128320693970 2000.0 26.893 R 0.1 1 10 60.
19 328.05694580078125 -5.1128501892090 2000.0 22.721 R 0.1 1 10 60.
20 328.07153320312500 -5.1195254325867 2000.0 24.833 R 0.1 1 10 60.
21 328.06472778320312 -5.1175289154053 2000.0 22.883 R 0.1 1 10 60.
22 328.06655883789062 -5.1174201965332 2000.0 22.814 R 0.1 1 10 60.
23 328.06866455078125 -5.1173748970032 2000.0 26.699 R 0.1 1 10 60.
24 328.06457519531250 -5.1170740127563 2000.0 24.976 R 0.1 1 10 60.
25 328.06625366210938 -5.1169986724854 2000.0 19.708 R 0.1 1 10 60.
26 328.06869506835938 -5.1153001785278 2000.0 26.192 R 0.1 1 10 60.
27 328.06472778320312 -5.1149830818176 2000.0 24.898 R 0.1 1 10 60.
28 328.06848144531250 -5.1138558387756 2000.0 23.999 R 0.1 1 10 60.
29 328.06958007812500 -5.1117219924927 2000.0 25.952 R 0.1 1 10 60.
30 328.06954956054688 -5.1127963066101 2000.0 25.548 R 0.1 1 10 60.
31 328.05761718750000 -5.1099252700806 2000.0 27.243 R 0.1 1 10 60.
32 328.05661010742188 -5.1102738380432 2000.0 25.963 R 0.1 1 10 60.
33 328.05819702148438 -5.1072087287903 2000.0 20.812 R 0.1 1 10 60.
34 328.06082153320312 -5.1070518493652 2000.0 23.703 R 0.1 1 10 60.
35 328.06115722656250 -5.1095080375671 2000.0 24.963 R 0.1 1 10 60.
36 328.06341552734375 -5.1030154228210 2000.0 26.124 R 0.1 1 10 60.
37 328.06402587890625 -5.1082425117493 2000.0 25.083 R 0.1 1 10 60.
38 328.06359863281250 -5.1091847419739 2000.0 22.564 R 0.1 1 10 60.
39 328.06405639648438 -5.1103105545044 2000.0 26.629 R 0.1 1 10 60.
40 328.06521606445312 -5.1109437942505 2000.0 25.149 R 0.1 1 10 60.
41 328.06539916992188 -5.1071438789368 2000.0 23.376 R 0.1 1 10 60.
42 328.06649780273438 -5.1074190139771 2000.0 23.558 R 0.1 1 10 60.
43 328.06677246093750 -5.1066470146179 2000.0 24.485 R 0.1 1 10 60.
44 328.06723022460938 -5.1026487350464 2000.0 24.852 R 0.1 1 10 60.
45 328.06707763671875 -5.1095566749573 2000.0 24.745 R 0.1 1 10 60.
46 328.06713867187500 -5.1109204292297 2000.0 24.659 R 0.1 1 10 60.
47 328.06930541992188 -5.1100220680237 2000.0 25.529 R 0.1 1 10 60.
48 328.07128906250000 -5.1112146377563 2000.0 17.926 R 0.1 1 10 60.
49 328.07153320312500 -5.1094765663147 2000.0 24.988 R 0.1 1 10 60.
50 328.06997680664062 -5.1102738380432 2000.0 25.978 R 0.1 1 10 60.
