1 12.6508983862 -27.7944292246 2000 19.2925 R 1.0
2 12.6505529188 -27.8213623456 2000 21.0786 R 0.1
3 12.6507569803 -27.8278820765 2000 22.7143 R 0.1
5 12.6512290681 -27.8029057132 2000 22.807 R 0.1
6 12.6512187769 -27.7731439615 2000 18.4477 R 0.1
8 12.6529813171 -27.7664319781 2000 22.4868 R 0.1
9 12.6525301612 -27.7426748758 2000 18.5665 R 0.1
11 12.6530308605 -27.8114732987 2000 22.6506 R 0.1
13 12.6551605911 -27.7159155867 2000 18.6837 R 0.1
14 12.6544381152 -27.7672470152 2000 22.0658 R 0.1
17 12.6544227733 -27.776732884 2000 20.3229 R 0.1
19 12.6554468708 -27.7571220372 2000 22.1147 R 0.1
20 12.6532624732 -27.7862042171 2000 16.5831 R -1.0
22 12.6548456616 -27.8063550333 2000 21.6943 R 0.1
24 12.6579488616 -27.7328230953 2000 22.4501 R 0.1
26 12.6577037236 -27.7197857104 2000 20.3187 R 0.1
28 12.655900638 -27.8154924031 2000 18.5726 R 0.1
29 12.6564853955 -27.8235376136 2000 22.3392 R 0.1
31 12.6553689699 -27.8133132836 2000 22.6047 R 0.1
33 12.6576063936 -27.7987866997 2000 20.6436 R 1.0
34 12.6576703014 -27.8214526583 2000 19.5445 R 0.1
38 12.6597201687 -27.7516728184 2000 21.7286 R 0.1
41 12.658889311 -27.8349368258 2000 22.0798 R 0.1
43 12.6607103259 -27.7294546613 2000 17.7604 R -1.0
47 12.6606497432 -27.8327143015 2000 22.7111 R 0.1
48 12.6630494482 -27.7616354441 2000 19.9977 R 0.1
50 12.6633945508 -27.738902234 2000 22.1016 R 0.1
51 12.6624339644 -27.8118096166 2000 22.5435 R 0.1
53 12.6627695073 -27.815724133 2000 22.5391 R 0.1
61 12.6665718336 -27.7395216284 2000 22.9527 R 0.1
62 12.6671175982 -27.732214835 2000 22.8431 R 0.1
64 12.6672574658 -27.7771124155 2000 20.0392 R 0.1
65 12.6682325497 -27.7381667164 2000 21.5309 R 0.1
71 12.6690875421 -27.731805175 2000 22.5657 R 0.1
74 12.6694934748 -27.7581684688 2000 22.3793 R 0.1
76 12.6684557877 -27.8397643533 2000 22.5219 R 1.0
77 12.6706873907 -27.7599213906 2000 21.9269 R 0.1
78 12.6704833091 -27.7751978798 2000 21.2339 R 0.1
79 12.6705298569 -27.7770811923 2000 22.1469 R 0.1
82 12.6697789677 -27.8171883038 2000 22.3753 R 0.1
83 12.6725415592 -27.7351071835 2000 22.4307 R 0.1
85 12.6714025746 -27.8266223373 2000 22.4304 R 0.1
88 12.6737760972 -27.7171643787 2000 21.7115 R 0.1
89 12.6726359492 -27.7694319285 2000 16.0875 R -1.0
91 12.671630704 -27.8188046549 2000 20.8031 R 0.1
92 12.6742940602 -27.7288293007 2000 22.5278 R 0.1
94 12.6735471415 -27.7556849831 2000 19.5234 R 0.1
95 12.6728195368 -27.8077404723 2000 21.7593 R 0.1
97 12.6730719131 -27.8292501492 2000 21.546 R 0.1
99 12.6754336854 -27.7247160871 2000 21.9891 R 0.1
100 12.6747755427 -27.7599727419 2000 21.3115 R 0.1
103 12.6746203439 -27.8252144787 2000 22.5713 R 0.1
106 12.6757217041 -27.805676918 2000 22.2352 R 0.1
108 12.6766695979 -27.8162610186 2000 20.4664 R 0.1
109 12.6781225557 -27.7383633471 2000 22.38 R 0.1
110 12.6769878436 -27.8035928209 2000 22.842 R 0.1
111 12.6779359594 -27.7615330208 2000 22.6263 R 0.1
113 12.678686956 -27.7475668055 2000 22.7766 R 0.1
115 12.6794244619 -27.7211454695 2000 22.0377 R 0.1
116 12.6784235386 -27.7748630315 2000 22.0361 R 0.1
118 12.6802574969 -27.7247041061 2000 22.6138 R 0.1
119 12.6782651042 -27.8403943321 2000 20.5161 R 0.1
121 12.680017564 -27.7375905303 2000 22.422 R 0.1
122 12.6789790956 -27.8372171197 2000 20.3907 R 0.1
123 12.6798653121 -27.7808913114 2000 22.7599 R 0.1
124 12.6805384707 -27.7667068773 2000 22.6737 R 0.1
126 12.6796854132 -27.7949370865 2000 19.4921 R 0.1
127 12.6805792847 -27.7864760022 2000 21.6176 R 0.1
129 12.6825807429 -27.7272675883 2000 22.2351 R 0.1
131 12.6816954403 -27.7792487024 2000 22.1726 R 0.1
133 12.6814525502 -27.8230552076 2000 22.5152 R 0.1
136 12.6840009576 -27.7476332321 2000 22.5175 R 0.1
137 12.6836695408 -27.7874559639 2000 21.8676 R 0.1
138 12.6832595529 -27.8007023281 2000 20.2211 R 0.1
139 12.6850821544 -27.7114404901 2000 22.3949 R 0.1
140 12.6849199466 -27.7333794408 2000 22.4602 R 0.1
142 12.6828071762 -27.8382063101 2000 20.4537 R 0.1
143 12.6858132406 -27.742514554 2000 22.9926 R 0.1
144 12.6844260025 -27.8215716594 2000 22.7719 R 0.1
145 12.684382923 -27.8238883188 2000 20.082 R 0.1
146 12.6823855922 -27.8124946464 2000 15.3589 R -1.0
148 12.6862392282 -27.7459956634 2000 22.5805 R 0.1
149 12.6864130539 -27.7278223015 2000 20.264 R 0.1
151 12.686277738 -27.7527305035 2000 22.3495 R 0.1
152 12.6852747997 -27.8023205397 2000 20.7923 R 0.1
153 12.6862004097 -27.7701085335 2000 22.1799 R 0.1
155 12.6853162148 -27.8265068 2000 22.4775 R 0.1
156 12.6880332292 -27.7242218669 2000 17.2847 R -1.0
157 12.6869739924 -27.8253688543 2000 21.1621 R 0.1
158 12.6890766555 -27.738500109 2000 22.583 R 0.1
159 12.6873296638 -27.8194354681 2000 22.4348 R 0.1
160 12.6895756881 -27.7159860531 2000 22.2899 R 0.1
162 12.689722207 -27.7566112535 2000 22.0769 R 0.1
163 12.6888925844 -27.8013518196 2000 22.0498 R 0.1
165 12.6896252934 -27.775075222 2000 22.9733 R 0.1
166 12.6910665855 -27.754672834 2000 22.2368 R 0.1
170 12.6905981308 -27.8064418945 2000 20.5269 R 0.1
171 12.6929374891 -27.7331171746 2000 21.4087 R 0.1
174 12.6936428366 -27.7657115197 2000 19.8217 R 0.1
175 12.6939108299 -27.7600666767 2000 22.0039 R 0.1
177 12.6944303781 -27.736394264 2000 20.8622 R 0.1
179 12.6936089047 -27.8294339895 2000 22.8535 R 0.1
180 12.6944322239 -27.8203202479 2000 21.1339 R 0.1
182 12.6958898305 -27.776890896 2000 20.722 R 0.1
190 12.6979292222 -27.808198293 2000 20.8356 R 0.1
191 12.6985729259 -27.8087855557 2000 21.2009 R 0.1
192 12.6995470486 -27.7781671806 2000 21.2338 R 0.1
195 12.7016722403 -27.7516181099 2000 21.1022 R 0.1
197 12.7026519099 -27.7783503658 2000 22.754 R 0.1
198 12.7017776596 -27.8213524862 2000 21.9915 R 0.1
200 12.7039574431 -27.7518635587 2000 22.7713 R 0.1
202 12.7035698656 -27.8129023655 2000 21.4683 R 0.1
203 12.7042818304 -27.7164579329 2000 19.6888 R 0.1
204 12.7036338649 -27.8094273654 2000 22.7839 R 0.1
205 12.7033565051 -27.8244856957 2000 20.8164 R 0.1
206 12.7063317513 -27.7161211494 2000 22.5191 R 0.1
207 12.7057865053 -27.759127345 2000 20.482 R 0.1
208 12.705950233 -27.7502226463 2000 22.6804 R 0.1
210 12.7060981543 -27.7332799861 2000 22.3993 R 0.1
211 12.7047399137 -27.8071238095 2000 19.9777 R 0.1
212 12.7067819651 -27.7361124916 2000 20.8598 R 0.1
214 12.7052272583 -27.8339947571 2000 22.5147 R 0.1
216 12.7080892969 -27.7138980176 2000 22.5316 R 0.1
217 12.7062950756 -27.8248839697 2000 21.8197 R 0.1
219 12.7079569813 -27.7344614782 2000 20.8621 R 0.1
220 12.707587811 -27.7768181352 2000 22.2813 R 0.1
221 12.7074633076 -27.7969472206 2000 22.7109 R 0.1
222 12.7074818587 -27.8048403866 2000 21.7809 R 0.1
224 12.7072088377 -27.8374949394 2000 21.149 R 0.1
225 12.7079785376 -27.8267874047 2000 22.8392 R 0.1
226 12.7090155737 -27.7168783213 2000 17.5774 R -1.0
227 12.7080835941 -27.8388815314 2000 21.8937 R 0.1
229 12.710207158 -27.7677988144 2000 21.331 R 0.1
232 12.7101808778 -27.7870601591 2000 20.8736 R 0.1
233 12.7115340531 -27.7668013444 2000 22.0737 R 0.1
234 12.7124756361 -27.7198897546 2000 22.7316 R 0.1
235 12.7107328689 -27.8238523569 2000 22.8285 R 0.1
239 12.7130962668 -27.7351039472 2000 21.7146 R 0.1
241 12.7138452234 -27.720992749 2000 21.6504 R 0.1
242 12.7142414924 -27.7127426164 2000 22.3189 R 0.1
243 12.7125863152 -27.8164890632 2000 20.6239 R 0.1
244 12.7137670008 -27.7654529165 2000 22.8234 R 0.1
246 12.714830781 -27.7564868398 2000 22.3856 R 0.1
248 12.7159207122 -27.7147907478 2000 22.5862 R 0.1
250 12.7153442382 -27.8133367346 2000 22.2248 R 0.1
251 12.7150482088 -27.8339705732 2000 21.9422 R 0.1
253 12.7177645009 -27.7212580174 2000 22.8972 R 0.1
255 12.7159013182 -27.8097229478 2000 21.0475 R 0.1
256 12.7182295421 -27.7495044754 2000 19.9287 R 0.1
257 12.7186987977 -27.7282934351 2000 21.8333 R 0.1
258 12.7178055885 -27.7816503188 2000 17.5281 R -1.0
261 12.7193175164 -27.7750068844 2000 22.5677 R 0.1
262 12.7194014108 -27.7301123341 2000 19.6617 R 0.1
263 12.7203758705 -27.7259967515 2000 21.4903 R 0.1
264 12.7193073686 -27.7666069429 2000 22.6658 R 0.1
265 12.72007255 -27.760533669 2000 22.6439 R 0.1
266 12.7186647516 -27.7973018637 2000 19.2527 R 0.1
271 12.7214474535 -27.7344820705 2000 22.1793 R 0.1
273 12.7219117328 -27.7269568725 2000 21.3037 R 0.1
276 12.7218826953 -27.7823518494 2000 22.6327 R 0.1
277 12.7235347209 -27.7186492819 2000 21.3908 R 0.1
280 12.7217555451 -27.8027705311 2000 21.5583 R 0.1
281 12.7235860007 -27.7337840509 2000 22.8528 R 0.1
282 12.7218425139 -27.8069714973 2000 22.5704 R 0.1
283 12.7233313846 -27.7477564969 2000 21.2798 R 0.1
285 12.7234392082 -27.7777364584 2000 22.1589 R 0.1
287 12.7248820401 -27.7344515634 2000 22.6122 R 0.1
288 12.7231872222 -27.7825850015 2000 22.0479 R 0.1
289 12.7253513867 -27.7311263237 2000 22.3858 R 0.1
292 12.7254956948 -27.7995575782 2000 22.8345 R 0.1
294 12.7268018583 -27.7412816927 2000 22.0588 R 0.1
295 12.7252584347 -27.8305470679 2000 22.9028 R 0.1
296 12.726751992 -27.7530118561 2000 19.5323 R 0.1
299 12.7268163424 -27.8034114959 2000 18.7434 R 0.1
302 12.7284467067 -27.7587530357 2000 21.7242 R 0.1
303 12.7272206067 -27.8261538092 2000 21.2169 R 0.1
306 12.7297761908 -27.7350904269 2000 22.4192 R 0.1
307 12.7285780125 -27.8145119691 2000 22.9621 R 0.1
308 12.7288552722 -27.7857677324 2000 22.9173 R 0.1
310 12.7303933426 -27.7371254656 2000 22.8024 R 0.1
313 12.7307463252 -27.7537121313 2000 20.4412 R 0.1
315 12.7299932761 -27.8311839317 2000 22.9608 R 0.1
317 12.7316053802 -27.7424262697 2000 21.9096 R 0.1
318 12.7317204378 -27.7676270858 2000 22.8729 R 0.1
322 12.7320564908 -27.8212161079 2000 22.5882 R 0.1
324 12.7326823945 -27.8273063066 2000 22.8613 R 0.1
325 12.7321547023 -27.8293274451 2000 20.9094 R 0.1
326 12.7347880701 -27.7111828504 2000 19.7129 R 0.1
327 12.7344845244 -27.750498934 2000 22.6301 R 0.1
328 12.7336095622 -27.821307346 2000 22.5518 R 0.1
329 12.7346286466 -27.7831585369 2000 22.699 R 0.1
330 12.7343380727 -27.8082095933 2000 22.3883 R 0.1
331 12.7349946843 -27.7900421179 2000 22.7749 R 0.1
332 12.7361069042 -27.742191194 2000 22.8911 R 0.1
335 12.7350384313 -27.7786015386 2000 18.249 R 0.1
336 12.735303522 -27.8316827746 2000 22.8716 R 0.1
339 12.738193681 -27.7172342832 2000 22.2318 R 0.1
340 12.7381762989 -27.7679225187 2000 22.341 R 0.1
341 12.7379217532 -27.8000703951 2000 22.5261 R 0.1
342 12.7370516148 -27.8164974041 2000 20.2701 R 0.1
343 12.7388243034 -27.741137886 2000 21.7863 R 0.1
344 12.7378056723 -27.8110032076 2000 21.4125 R 0.1
345 12.7410255297 -27.7188615692 2000 21.44 R 0.1
346 12.7406129951 -27.7462283389 2000 21.474 R 0.1
347 12.7387640333 -27.8349107389 2000 22.6527 R 0.1
349 12.7403035961 -27.7950303237 2000 22.9253 R 0.1
350 12.7399888188 -27.8079158625 2000 21.1314 R 0.1
352 12.741441599 -27.741097086 2000 21.5 R 0.1
356 12.7427559611 -27.7634158496 2000 22.2769 R 0.1
359 12.7417535866 -27.7962788231 2000 20.574 R 0.1
360 12.7428129494 -27.7965088313 2000 21.8784 R 0.1
364 12.7435655295 -27.7774735412 2000 21.481 R 0.1
365 12.7455508206 -27.7444775709 2000 22.745 R 0.1
366 12.743612065 -27.8247591269 2000 22.0374 R 0.1
368 12.7440838418 -27.8212890354 2000 19.5751 R 0.1
369 12.7460643398 -27.7341288356 2000 21.0002 R 0.1
371 12.7458965805 -27.7661329243 2000 22.3757 R 0.1
372 12.7470369004 -27.7255235117 2000 21.6624 R 0.1
374 12.7454537429 -27.8088506695 2000 19.4893 R 0.1
375 12.7457735428 -27.8047270355 2000 19.1954 R 0.1
377 12.7464500007 -27.7898907179 2000 22.7528 R 0.1
379 12.7468511797 -27.8357322948 2000 21.6163 R 0.1
381 12.7475766453 -27.8090934325 2000 21.387 R 0.1
383 12.748838041 -27.779926567 2000 21.1129 R 0.1
385 12.7494587537 -27.7545174163 2000 22.067 R 0.1
387 12.7484657097 -27.8142453601 2000 22.1879 R 0.1
389 12.7488473645 -27.8157705934 2000 21.6774 R 0.1
392 12.7506563414 -27.7333874988 2000 21.3469 R 0.1
396 12.7508478043 -27.7727819077 2000 22.4579 R 0.1
399 12.7507766323 -27.8222384027 2000 20.6741 R 0.1
401 12.750140946 -27.8348304421 2000 19.9493 R 0.1
402 12.7530405872 -27.7554293299 2000 21.6581 R 0.1
404 12.7516689228 -27.8181216236 2000 22.1934 R 0.1
405 12.7525485734 -27.8010429574 2000 22.8369 R 0.1
407 12.7540919428 -27.7469697275 2000 22.7999 R 0.1
408 12.75359401 -27.7883833944 2000 22.8905 R 0.1
409 12.7541268562 -27.7541389281 2000 21.225 R 0.1
411 12.7537164238 -27.8316871659 2000 22.0309 R 0.1
413 12.7545767921 -27.7837607977 2000 22.1884 R 0.1
414 12.7549390776 -27.7726861087 2000 22.8655 R 0.1
416 12.7551283741 -27.7986118403 2000 21.6275 R 0.1
418 12.7564199641 -27.7402632823 2000 22.8492 R 0.1
419 12.7575303585 -27.7147875718 2000 22.6756 R 0.1
420 12.7559177158 -27.8275860249 2000 21.6242 R 0.1
421 12.7562163474 -27.7972490264 2000 21.8655 R 0.1
423 12.7571205513 -27.7285409311 2000 22.708 R 0.1
424 12.7564876825 -27.7958040324 2000 22.561 R 0.1
427 12.7565421504 -27.7836394842 2000 20.2556 R 0.1
429 12.757904729 -27.7578047164 2000 22.9213 R 0.1
431 12.7597071327 -27.7119171061 2000 22.7337 R 0.1
432 12.7586813263 -27.7783789739 2000 20.6801 R 0.1
433 12.7573239744 -27.8130480516 2000 16.1073 R -1.0
434 12.7580510433 -27.8090016721 2000 21.6657 R 0.1
435 12.7583223834 -27.807556675 2000 22.5423 R 0.1
436 12.757096686 -27.8074696232 2000 22.5706 R 0.1
437 12.7593378613 -27.7691180892 2000 22.8031 R 0.1
438 12.7592940804 -27.7807034697 2000 22.1826 R 0.1
440 12.7585033628 -27.8294272064 2000 21.5469 R 0.1
441 12.760676415 -27.7171423299 2000 22.2092 R 0.1
442 12.7602947222 -27.7430612265 2000 22.0843 R 0.1
445 12.7607987759 -27.7560289684 2000 22.421 R 0.1
446 12.7596889715 -27.8271965873 2000 22.617 R 0.1
448 12.7614057584 -27.7220750374 2000 21.8433 R 0.1
450 12.7612149247 -27.7739196668 2000 22.9945 R 0.1
451 12.7619654714 -27.7319297252 2000 20.9915 R 0.1
452 12.7609947855 -27.8136711502 2000 19.2041 R 0.1
453 12.7627745757 -27.7232499466 2000 20.6312 R 0.1
454 12.7625817215 -27.752357218 2000 20.6933 R 0.1
455 12.760410122 -27.8371980109 2000 21.1912 R 0.1
456 12.763025426 -27.7504073837 2000 22.1152 R 0.1
457 12.7626512005 -27.7850882106 2000 21.0642 R 0.1
458 12.7634467796 -27.7634465385 2000 22.5407 R 0.1
460 12.7636623347 -27.7834347781 2000 21.984 R 0.1
462 12.7647352982 -27.759986107 2000 21.5178 R 0.1
463 12.76547019 -27.7187925122 2000 22.0206 R 0.1
465 12.765946348 -27.7333529538 2000 22.2455 R 0.1
467 12.7657824506 -27.7287890589 2000 17.0904 R -1.0
469 12.7668867449 -27.7172887119 2000 22.7903 R 0.1
471 12.7650429512 -27.8389910437 2000 21.4546 R 0.1
474 12.7666614931 -27.762036545 2000 20.8467 R 0.1
475 12.7659664263 -27.7826656569 2000 22.7701 R 0.1
476 12.766472168 -27.7772407808 2000 22.9724 R 0.1
482 12.766661287 -27.826265811 2000 20.4485 R 0.1
483 12.7664757011 -27.8274946061 2000 21.0639 R 0.1
484 12.7678872953 -27.803398253 2000 22.7426 R 0.1
486 12.7684930974 -27.7648099508 2000 21.0562 R 0.1
488 12.769043357 -27.7752437836 2000 21.6593 R 0.1
491 12.7699388016 -27.7433207977 2000 22.9582 R 0.1
493 12.7709308593 -27.7197263201 2000 22.0675 R 0.1
494 12.7702765249 -27.7657000529 2000 22.1889 R 0.1
495 12.7688798305 -27.8303471997 2000 21.7053 R 0.1
496 12.7698713678 -27.8252177259 2000 21.8407 R 0.1
497 12.7704956927 -27.813132368 2000 22.0841 R 0.1
498 12.7728493223 -27.7175767055 2000 21.6284 R 0.1
500 12.7724604153 -27.7624674028 2000 22.6323 R 0.1
501 12.7700966615 -27.8401372034 2000 21.8713 R 0.1
502 12.7709967286 -27.8401478673 2000 21.6015 R 0.1
503 12.7732864334 -27.7251851172 2000 22.6547 R 0.1
504 12.7731934764 -27.7856478516 2000 20.812 R 0.1
509 12.7724521344 -27.8365445161 2000 19.0602 R 0.1
515 12.7740044812 -27.8228770749 2000 20.7682 R 0.1
516 12.7750987731 -27.7612676243 2000 22.6829 R 0.1
517 12.7761575338 -27.724639792 2000 18.9268 R 0.1
520 12.7748977792 -27.8370803191 2000 22.9287 R 0.1
522 12.7762002515 -27.7591082913 2000 20.6224 R 0.1
523 12.7772221958 -27.7752681834 2000 22.9505 R 0.1
524 12.778314775 -27.7228549831 2000 20.6539 R 0.1
525 12.7772214057 -27.7845368767 2000 21.7317 R 0.1
526 12.7783684385 -27.7567443077 2000 22.4992 R 0.1
529 12.7778190315 -27.7416037683 2000 15.1392 R -1.0
538 12.7801358186 -27.7908710729 2000 21.3822 R 0.1
539 12.779955017 -27.801078991 2000 20.4445 R 0.1
542 12.7819568684 -27.7295598084 2000 22.2883 R 0.1
543 12.7803598589 -27.8290346574 2000 22.1588 R 0.1
545 12.7807732732 -27.819553604 2000 22.8437 R 0.1
546 12.7826509322 -27.7504225509 2000 22.6416 R 0.1
550 12.7823388169 -27.8281890132 2000 22.8958 R 0.1
551 12.7840578441 -27.7309603613 2000 18.1737 R 0.1
553 12.7817425707 -27.8110204424 2000 18.4895 R 0.1
556 12.7842525674 -27.8264012244 2000 22.7987 R 0.1
560 12.7847872458 -27.8054081398 2000 17.8295 R -1.0
562 12.7873953906 -27.7503334949 2000 22.663 R 0.1
564 12.7863427047 -27.7960853064 2000 22.8916 R 0.1
565 12.7859300102 -27.7777603122 2000 20.1573 R 0.1
566 12.7872092537 -27.807246866 2000 19.0119 R 0.1
567 12.7869485783 -27.8220157726 2000 22.0281 R 0.1
568 12.7871081846 -27.7897944781 2000 18.5279 R 0.1
569 12.7902466824 -27.713799062 2000 21.6622 R 0.1
572 12.7914337688 -27.7299607579 2000 22.4223 R 0.1
574 12.7899031338 -27.835446536 2000 22.6893 R 0.1
579 12.7921723407 -27.7855815266 2000 21.0267 R 0.1
580 12.7913170873 -27.806281235 2000 21.0499 R 0.1
582 12.7936617623 -27.7380969301 2000 22.2999 R 0.1
583 12.7914347915 -27.8088894289 2000 20.4585 R 0.1
584 12.7912981192 -27.8398799633 2000 19.3967 R 0.1
585 12.7930737917 -27.7947883413 2000 22.8823 R 0.1
586 12.7936697028 -27.7422968959 2000 22.5538 R 0.1
588 12.7946021416 -27.7590348754 2000 21.69 R 0.1
590 12.7930805675 -27.822304811 2000 22.9019 R 0.1
593 12.7950658357 -27.7745363737 2000 21.2547 R 0.1
594 12.7943974461 -27.8079103019 2000 22.1098 R 0.1
596 12.7957266946 -27.7927918072 2000 22.4818 R 0.1
598 12.7967026741 -27.8024339311 2000 22.0744 R 0.1
600 12.7977074078 -27.7545091943 2000 22.0834 R 0.1
601 12.797324935 -27.7623251835 2000 20.8175 R 0.1
602 12.7959989956 -27.8378349442 2000 21.3609 R 0.1
603 12.7989315854 -27.712669591 2000 21.2928 R 0.1
604 12.7977078917 -27.7964354949 2000 20.2205 R 0.1
605 12.6519799639 -27.7155131193 2000 21.2985 R 0.1
606 12.6503876102 -27.8257774143 2000 21.4202 R 0.1
608 12.6543241848 -27.7169187461 2000 21.298 R 0.1
609 12.6572651687 -27.7126837124 2000 22.2636 R 0.1
610 12.6573185993 -27.8140621188 2000 22.1331 R 0.1
612 12.6590665082 -27.8211806817 2000 22.711 R 0.1
614 12.6661412011 -27.7188786067 2000 18.3165 R 0.1
617 12.669415523 -27.8365902793 2000 22.8075 R 0.1
619 12.6723761617 -27.730832764 2000 22.9052 R 0.1
621 12.674771684 -27.7251422559 2000 22.4959 R 0.1
623 12.6749983274 -27.8181227969 2000 22.5142 R 0.1
628 12.6854797691 -27.716441909 2000 22.4024 R 0.1
630 12.689521007 -27.7630534587 2000 22.3258 R 0.1
631 12.6912352723 -27.7808882317 2000 22.6237 R 0.1
637 12.7035359304 -27.7836473754 2000 22.3623 R 0.1
639 12.7105863434 -27.8140024973 2000 21.9134 R 0.1
644 12.71499954 -27.8321596739 2000 21.6459 R 0.1
648 12.7188073068 -27.8208375606 2000 22.8208 R 0.1
654 12.7268689289 -27.7330999356 2000 22.6705 R 0.1
659 12.7392898963 -27.8103694317 2000 21.6639 R 0.1
661 12.7431283854 -27.7201179477 2000 22.9975 R 0.1
664 12.7449521149 -27.8003724325 2000 22.1136 R 0.1
665 12.7479923318 -27.7360347396 2000 21.4542 R 0.1
667 12.7497386476 -27.7844269233 2000 22.2982 R 0.1
668 12.7497417545 -27.8206329266 2000 19.7927 R 0.1
669 12.7522594756 -27.8262388299 2000 22.808 R 0.1
672 12.7632094535 -27.7858913893 2000 22.9417 R 0.1
673 12.7640498297 -27.7571538862 2000 19.8789 R 0.1
677 12.7696820944 -27.8174674277 2000 22.8111 R 0.1
679 12.772721136 -27.8122173724 2000 22.4151 R 0.1
681 12.7722249501 -27.7849122678 2000 22.0393 R 0.1
683 12.7751210855 -27.7922601207 2000 21.1249 R 0.1
685 12.7765602852 -27.7756948369 2000 21.0579 R 0.1
688 12.7843596996 -27.7740488651 2000 22.9257 R 0.1
689 12.7851201424 -27.7587789383 2000 22.5593 R 0.1
696 12.6530544556 -27.7755569085 2000 22.7789 R 0.1
698 12.6545368527 -27.7880307111 2000 22.8815 R 0.1
699 12.6563964624 -27.7674890947 2000 22.1474 R 0.1
701 12.6584461258 -27.7889492135 2000 22.4833 R 0.1
708 12.662591007 -27.7468574733 2000 22.9836 R 0.1
713 12.6646550968 -27.8155306923 2000 22.1443 R 0.1
716 12.667921837 -27.7372938512 2000 22.0132 R 0.1
718 12.6700270663 -27.803939931 2000 22.5926 R 0.1
719 12.6724614919 -27.7481404401 2000 22.8237 R 0.1
720 12.6721055418 -27.7890490707 2000 22.5927 R 0.1
723 12.672793087 -27.7829026392 2000 22.1926 R 0.1
725 12.6717581412 -27.7682622986 2000 20.2069 R 0.1
734 12.6815015498 -27.7325402134 2000 22.9617 R 0.1
736 12.6820627027 -27.7507227646 2000 22.5718 R 0.1
737 12.6825830601 -27.7623152656 2000 22.4809 R 0.1
743 12.6819213209 -27.8154577585 2000 22.8636 R 0.1
745 12.6878388736 -27.7258849323 2000 22.9945 R 0.1
746 12.6885513392 -27.7800583191 2000 21.9351 R 0.1
748 12.6915743628 -27.8023265174 2000 22.9317 R 0.1
749 12.6915971632 -27.80109579 2000 21.5841 R 0.1
753 12.6969294426 -27.7914586636 2000 22.9467 R 0.1
755 12.6996047853 -27.7794713171 2000 22.4019 R 0.1
756 12.701640722 -27.7133840028 2000 22.5507 R 0.1
763 12.7067256756 -27.7658732612 2000 21.4992 R 0.1
764 12.7068956146 -27.7833267213 2000 21.7046 R 0.1
766 12.7081428643 -27.8133931649 2000 22.574 R 0.1
767 12.7102827 -27.7146491269 2000 22.8952 R 0.1
770 12.7126923628 -27.8240936437 2000 22.3444 R 0.1
776 12.7216530755 -27.7366569476 2000 22.3163 R 0.1
778 12.7189925544 -27.8107021239 2000 22.0546 R 0.1
780 12.7240906185 -27.818295202 2000 21.599 R 0.1
781 12.7246408448 -27.8240224606 2000 21.2179 R 0.1
792 12.7337739036 -27.7987167787 2000 22.9743 R 0.1
797 12.7403461397 -27.770048683 2000 22.9245 R 0.1
798 12.7417574309 -27.7371906472 2000 21.5728 R 0.1
799 12.7424748089 -27.7699295429 2000 22.901 R 0.1
801 12.745901409 -27.7840187474 2000 22.3431 R 0.1
808 12.7537113193 -27.8274148067 2000 22.9524 R 0.1
812 12.7553215711 -27.8380061971 2000 22.8705 R 0.1
813 12.7572702964 -27.7749587586 2000 22.8206 R 0.1
816 12.7598903438 -27.7930930162 2000 22.5069 R 0.1
818 12.7626038972 -27.7328062775 2000 22.6041 R 0.1
819 12.7633849116 -27.8081239105 2000 22.9038 R 0.1
820 12.7631941449 -27.8096422877 2000 22.9872 R 0.1
821 12.7634180242 -27.7604773095 2000 22.4165 R 0.1
823 12.7660855841 -27.8218418554 2000 22.44 R 0.1
824 12.7674726688 -27.7991210346 2000 22.625 R 0.1
832 12.7709258787 -27.8349333885 2000 22.918 R 0.1
835 12.7743695585 -27.7931201762 2000 22.7227 R 0.1
836 12.776313706 -27.7481030447 2000 22.8385 R 0.1
837 12.7754393299 -27.8296283188 2000 22.4672 R 0.1
840 12.7782626425 -27.8042451512 2000 22.2472 R 0.1
842 12.7799090911 -27.7574865982 2000 22.3804 R 0.1
852 12.7867732788 -27.7531502467 2000 22.0764 R 0.1
854 12.7873802932 -27.7790083355 2000 21.568 R 0.1
862 12.7938968004 -27.775898536 2000 22.5996 R 0.1
